[5.375492350260417, 0.9845743576685587, 0.7886401438713073, 0.5745333556334178, 0.5110709901650746, 0.45085518836975097, 0.6267861501375834, 0.5026647806167602, 0.38490899721781413, 0.3749540424346924, 0.4079754130045573, 0.40443703571955364, 0.4022982188065847, 0.35350065072377523, 0.35369765202204384, 0.3501768354574839, 0.3223119616508484, 0.3443096470832825, 0.34318209290504453, 0.3355531855424245]
[0.2604819977283478, 0.2665663727124532, 0.26353335777918496, 0.2764694344997406, 0.26989693482716876, 0.26198033372561136]
[0.19566826661427816, 0.547225566705068, 0.18252926031748454, 0.1843968125184377, 0.17588189522425335, 0.15328595638275147, 0.16588309446970623, 0.2216166313489278, 0.26848136067390443, 0.2398044490814209, 0.24716441154479982]
[0.5135520386695862, 0.47821293036142987, 0.47646838903427124, 0.49117072025934855, 0.5059442313512167, 0.5013972783088684, 0.5036648162206014, 0.49526492913564046]
[0.19101601699988047, 0.14960365732510886, 15.360246523618699, 0.1810452449321747, 0.2444715783993403, 0.17370399912198384, 0.16410161137580873]
[0.6372462280591329, 4.215404483477275, 0.6277972761789957, 0.6181496810913086, 0.5982399940490722, 0.6035557254155477, 0.6104700493812562, 0.6043099115292231, 0.6105931901931763, 0.6428269735972086]
[0.2604947672287623, 0.48686357895533244, 0.4631502374013265, 0.3759384644031525, 0.3387556262811025, 0.2950131376584371]
[0.4238577961921692, 0.4230514152844747, 0.5510926524798075, 0.5860337221622467, 0.5868684228261312, 0.5405325667063395, 0.506156229575475]
[0.5177931586901346, 0.645333072344462, 0.8649619476000467, 0.8489807232220967, 0.8291116635004679, 0.7043978349367778]
[0.7786226272583008, 0.7625859681765238, 0.788813157081604, 0.7813501358032227, 0.7837987041473389, 0.7914831320444743, 1.516915521621704]
[0.4801983332633972, 0.4747778113683065, 0.4596966926256816, 0.5016971039772034, 0.25405078490575156, 0.22298678716023762, 0.2473996917406718, 0.26725619395573935, 0.2638633286952972, 0.23261311252911884, 0.2472113064924876]
[0.3577426604429881, 0.34771931648254395, 0.35171581347783404, 0.32725335518519083, 0.30424708008766177, 0.2723677206039429, 0.257981786330541, 0.24758740534385046, 0.2446326047182083, 0.24246071616808573, 0.24566336433092753, 0.24237629294395446, 0.24314852396647135, 0.24784179250399271, 0.2509313082695007]
[0.3963984382152557, 0.38793868144353233, 0.389577606121699, 0.39322733561197915, 0.38596665620803833, 0.3892478116353353, 0.38947189728418985, 0.389048953851064, 0.3830158293247223, 0.3857051126162211, 0.38932861646016437, 0.38271692434946697, 0.3892000683148702, 0.38466710567474366, 0.39117897669474283, 0.39477238297462464, 0.3908967200915019]
[0.3251926529407501, 0.3213361887137095, 0.327452491124471, 0.335499107837677, 0.33175874789555865, 0.3289807593822479, 0.3215438024202983]
[0.26381240288416546, 0.26792672236760456, 0.2623853516578674, 0.26253252506256103, 0.2699787380297979, 0.26658389329910276, 0.25952386379241943, 0.2686896236737569, 0.2624941730499268, 0.2719483474890391, 0.2635153778394063, 0.2648421573638916]
[0.449799161752065, 0.4350712354977926, 0.4450059636433919, 0.4273388735453288, 0.43967326800028483, 0.4281720972061157, 0.42937766909599306, 0.4348777496814728, 0.4383364884058634]
[0.4853849991162618, 0.48694546063741045, 0.4824675973256429, 0.482418479124705, 0.4798783262570699, 0.4807122631867727, 0.4824131202697754, 0.490885804494222, 0.48266043901443484, 0.4807766985893249]
[0.7055179103215535, 0.6934280029932658, 0.6979830423990886, 0.6984055082003275, 0.6942360965410869, 0.6918440318107605, 0.6935474379857381, 0.6960038312276204, 0.6987581992149353, 0.6963292646408081, 0.6935581302642823]
[0.33484670718510945, 0.3020257377624512, 0.29984290758768717, 0.30368064761161806, 0.3024770911534627, 0.30160704533259075, 0.30022024710973105, 0.3002323774496714]
[0.18546378016471862, 0.19093483964602154, 0.17988043347994487, 0.1889965357383092, 0.19115248560905457, 0.18741956015427907, 0.18328498363494872, 0.200273300409317]
[0.4575179986159007, 0.4453071701526642, 0.44585160493850706, 0.447758948802948, 0.4468303072452545, 0.44743746995925904, 0.4391125790278117, 0.4395181147257487, 0.44678494771321614, 0.4470231326421102, 0.44426084915796915, 0.44955675840377807]
[0.404063294728597, 0.398585205078125, 0.3958054757118225, 0.3955429490407308, 0.3982065832614899, 0.40431085268656414, 0.4018257999420166, 0.40187530875205996, 0.3989290702342987]
[0.43874346017837523, 0.44517810026804605, 0.4481376302242279, 0.44190013567606606, 0.44936110138893126, 0.4480903927485148]
[0.23410061081250508, 0.23723816692829133, 0.23095457394917807, 0.24123780647913615, 0.24737279176712035, 0.24044408202171325, 0.23147448579470317, 0.23684923807779948]
[0.39315868616104127, 0.3939295933643977, 0.39452969074249267, 0.38969475229581196, 0.3918092433611552, 0.39691174745559693, 0.3945818821589152, 0.38944802125295, 0.3993907340367635, 0.38985424757003784, 0.39652377128601074, 0.3921210439999898, 0.39379891475041706]
[0.5014234320322672, 0.49593868494033816, 0.4926449950536092, 0.4961723494529724, 0.49656834681828815, 0.4910586388905843, 0.4952052132288615, 0.49387584209442137, 0.4927239918708801, 0.4945264633496602, 0.49134745915730793]
[0.22169122378031414, 0.20886280755201975, 0.20010069290796917, 0.20006969610850017, 0.20002572417259215, 0.20210676829020183, 0.2060366815328598, 0.20009478012720744]
[0.2090599048137665, 0.20756111363569896, 0.20746772368748984, 0.207464280128479, 0.20753894527753194, 0.20785984655221304, 0.21030259569485982]
[0.3509104649225871, 0.35029839595158896, 0.3534433154265086, 0.3501488149166107, 0.35012532432874044, 0.35447851022084553, 0.35018147190411886, 0.349960550069809, 0.3531967608133952, 0.35000786662101746, 0.3501669843991598, 0.35226777791976926, 0.3501751319567363]
[0.20944801131884258, 0.20935921370983124, 0.2095374651749929, 0.20946726600329083, 0.2125874533255895, 0.20931585590044657, 0.20947647094726562, 0.20929329295953114, 0.2094353747367859, 0.20923727209369342, 0.20941476861635844]
[0.41437295118967693, 0.41017868419488274, 0.4097684566179911, 0.4072219157218933, 0.41023343006769813, 0.4071474957466126, 0.40727147658665974, 0.4074359953403473, 0.4074193928639094]
[0.3848186151186625, 0.3806099239985148, 0.3806985839207967, 0.38041698932647705, 0.3867337187131246, 0.3825252572695414, 0.38172646999359133, 0.3818528199195862, 0.3805165350437164]
[0.2818251323699951, 0.28401709119478863, 0.28126148343086244, 0.28125122586886087, 0.2843737502892812, 0.2814964234828949, 0.28439220547676086, 0.28397624333699545]
[0.707367832660675, 0.6857820494969686, 0.6858382415771485, 0.6848882524172465, 0.6844441239039103, 0.6845451251665751, 0.6845348930358887, 0.6864878892898559, 0.6842038440704346, 0.6848817125956217, 0.6843872181574504, 0.6853508504231771, 0.684512255191803, 0.6846260611216227]
[0.3795087655385335, 0.36309186776479085, 0.36151493589083356, 0.36154608885447187, 0.36186344305674234, 0.3613416171073914, 0.36356139262517295, 0.3617921320597331, 0.3648144479592641, 0.36139487504959106, 0.36657223840554554]
[0.489864133199056, 0.4891068458557129, 0.49047786474227906, 0.48927584568659466, 0.48914469639460245, 0.4892433015505473, 0.48904597202936806]
[0.3057725656032562, 0.3056920484701792, 0.30478681484858194, 0.30471426010131836, 0.3045848135153453, 0.3044401450951894, 0.304330530166626, 0.3054881163438161, 0.304159460067749, 0.3042218550046285, 0.30667938510576886, 0.3056890137990316, 0.30419923186302184, 0.30435943126678466]
[0.6476136469841003, 0.6358189932505289, 0.6356208372116089, 0.6353945954640706, 0.6353972180684407, 0.6355387274424235, 0.6355444494883219, 0.6355049626032512, 0.637649720509847]
[0.2168112818400065, 0.19241286024451257, 0.19129909793535868, 0.190238356590271, 0.19033367514610292, 0.19328713715076445, 0.19019122719764708, 0.19018797675768534, 0.19029926041762035]
[0.45703739563624063, 0.4532395529747009, 0.4554347554842631, 0.45251977602640786, 0.45859565496444704, 0.45230863253275555, 0.4523626458644867, 0.45267855366071064, 0.4525305414199829, 0.45257213473320007, 0.4526526228586833]
[0.6545993614196778, 0.6423358980814616, 0.641488847732544, 0.6418638292948405, 0.6416869886716207, 0.6414735658963522, 0.6436331510543823, 0.6415094105402629]
[0.5442570416132609, 0.5430329537391663, 0.5437519431114197, 0.5433691294987997, 0.5430307594935099, 0.5428537344932556, 0.5432375677426656, 0.542823957602183, 0.5431208896636963, 0.5429006767272949, 0.542972378730774]
[0.4910472242037455, 0.48707157214482627, 0.4872280768553416, 0.4870012080669403, 0.48702487111091614, 0.48744672218958535, 0.486721453666687, 0.4870529190699259, 0.4874572324752808, 0.48697983105977377, 0.48709553241729736, 0.48701902945836384]
[0.30663364092508955, 0.30641240954399107, 0.306556308666865, 0.3065026410420736, 0.3064881225426992, 0.3067082752784093, 0.30655925869941714]
[0.38016164779663086, 0.3811410919825236, 0.37969208697477974, 0.37958882371584574, 0.37956703583399454, 0.37969284812609355, 0.3796658249696096, 0.37971294442812603, 0.37950785001118975]
[0.21131510734558107, 0.2087801468372345, 0.2088919041554133, 0.20839099764823912, 0.20920338829358417, 0.20948123812675476, 0.20848640203475952, 0.20830199524760246, 0.2084854644536972]
[0.675351177851359, 0.6571601724624634, 0.6549773359298706, 0.6546548962593078, 0.6550440263748168, 0.6546525343259175, 0.6551975631713867, 0.6565936422348022, 0.6552312771479288]
[0.4920013157526652, 0.4853504463036855, 0.4837280591328939, 0.4836123283704122, 0.48362711787223817, 0.48414060831069944, 0.4835253286361694, 0.4868143558502197, 0.48424511512120566]
[0.5620917757352193, 0.5606812691688537, 0.5587372867266337, 0.5592033410072327, 0.5590849085648855, 0.5616786162058512, 0.5590257787704468, 0.5591897137959798]
[0.35120214263598126, 0.34400198578834534, 0.34375264008839923, 0.3434307098388672, 0.3460318597157796, 0.3433606243133545, 0.34365111867586773, 0.3433366298675537, 0.34330151120821634, 0.34349696238835653, 0.343468333085378, 0.3436655076344808, 0.34341957171758014, 0.3435364373524984]
[0.526331361134847, 0.5222279779116312, 0.5217577147483826, 0.522131503423055, 0.5220413788159688, 0.5223191221555074, 0.5225593733787537, 0.5219194491704305]
[0.2296700700124105, 0.2234105924765269, 0.22306106408437093, 0.22305660247802733, 0.22302806476751963, 0.22308048049608867, 0.2230947462717692, 0.2234664213657379]
[0.5656019735336304, 0.5587545808156331, 0.5584686764081319, 0.5575509754816691, 0.5575795698165894, 0.5576795260111491, 0.5574118892351786, 0.5577046632766723, 0.5577653121948242, 0.557634505033493, 0.5575620778401693, 0.5573986260096232]
[0.4539841135342916, 0.45142077763875327, 0.44903647581736245, 0.44916155576705935, 0.44939427932103476, 0.4492927082379659, 0.44962504943211873, 0.4494893662134806]
[0.5810239430268606, 0.5754297558466593, 0.5753820371627808, 0.5750542807579041, 0.5751591126124064, 0.5751211905479431, 0.5751151247819265, 0.5750241875648499, 0.5751374244689942]
[0.3509813904762268, 0.3428235093752543, 0.3416662561893463, 0.3418746240933736, 0.34194057663281757, 0.34165344715118406, 0.34197165886561076, 0.3418186302979787]
[0.5387749473253886, 0.5348532740275065, 0.5341392890612284, 0.5342016275723775, 0.5346404163042704, 0.5340478603045146, 0.5339637184143067, 0.5340086778004964, 0.5355221605300904, 0.5344027789433797, 0.5341560860474904, 0.5349058516820272]
[0.428572256565094, 0.42776214321454364, 0.42690296689669294, 0.4265185197194417, 0.42656076391537984, 0.42646451950073244, 0.42713106592496236, 0.42654231627782185, 0.4268202042579651]
[0.6727289899190267, 0.660278738339742, 0.6586884196599324, 0.6589355675379435, 0.6595184516906738, 0.6591998895009359, 0.660799986521403, 0.6585535359382629, 0.6588372286160787, 0.6586516133944194, 0.6586008747418721, 0.6589537000656128, 0.6588444725672404]
[0.3907351831595103, 0.3832036006450653, 0.38178106387456257, 0.38202634572982785, 0.3827399945259094, 0.38212701320648196, 0.38201834917068483, 0.38191712856292725]
[0.4703014659881592, 0.46943945487340294, 0.46939423322677615, 0.46943031390508017, 0.4697768998146057, 0.47075488567352297, 0.4697792069117228]
[0.38975005785624184, 0.3883247264226278, 0.3882152684529622, 0.3883570710817973, 0.3877052315076192, 0.3878258792559306, 0.3875977651278178, 0.3877315131823222, 0.3886918004353841, 0.3878209455808004, 0.38766761660575866, 0.387607626914978]
[0.5702445801099142, 0.5643011625607809, 0.5636981916427612, 0.5634923068682353, 0.563783008257548, 0.5630268585681916, 0.5633863321940105, 0.563109126885732, 0.5635502354303996, 0.5631434162457783, 0.5633021720250447]
[0.25344411611557005, 0.24527316729227702, 0.24479182720184325, 0.24474032362302145, 0.24478110114733378, 0.24499184687932332, 0.2449921937783559, 0.24481616775194803]
[0.5270258065064748, 0.5223589571317037, 0.5222656337420145, 0.5222541522979737, 0.5218010318279266, 0.5223031497001648, 0.5218775351842244, 0.5214476037025452, 0.5215414158503214, 0.5214567955334981, 0.5215919884045919, 0.5215722902615865, 0.5215292429924011]
[0.3747926386197408, 0.3631451352437337, 0.36330909132957456, 0.3629589740435282, 0.3634377725919088, 0.36304605881373087, 0.3628982949256897, 0.3628332320849101, 0.3637965885798136, 0.3634271685282389, 0.3628382054964701, 0.36306279261906943, 0.36316571474075315]
[0.7307874321937561, 0.7081788031260172, 0.7029754527409872, 0.7036363983154297, 0.7031276130676269, 0.7035808539390564, 0.703234563668569, 0.7033693965276082]
[0.6698303572336832, 0.670452070236206, 0.6698214912414551, 0.6698541792233785, 0.6703143374125162, 0.6701146340370179]
[0.6816047382354736, 0.6815890471140543, 0.6819412644704183, 0.6816378029187521, 0.6815060623486837, 0.6812877798080444, 0.6814306235313415, 0.6820338543256124, 0.6816450929641724, 0.6815591851870219, 0.6815518220265706]
[0.36294424136479697, 0.3484070952733358, 0.34710364977518715, 0.34718146284421286, 0.34719334085782366, 0.3474085108439128, 0.3472131681442261, 0.3471662433942159]
[0.2206291143099467, 0.21655221005280811, 0.2165018637975057, 0.21642001350720724, 0.21679848929246268, 0.21659576058387756, 0.21648002525170645, 0.2166449757417043, 0.21653341372807822]
[0.3253666845957438, 0.32563098589579265, 0.32503874897956847, 0.32787994543711346, 0.32537888884544375, 0.32767905871073405, 0.3251051070292791, 0.3250337008635203]
[0.3648390785853068, 0.36214198350906374, 0.3618650762240092, 0.3622674000263214, 0.36217922627925875, 0.36214582045873006, 0.36175194978713987, 0.3618087430795034, 0.3619015947977702, 0.3621061472098033, 0.3625322469075521, 0.3620857302347819]
[0.4383009068171183, 0.4355227939287821, 0.4354183332125346, 0.43522127866745, 0.4354466946919759, 0.4353309202194214, 0.4357307799657186, 0.43590054551760354, 0.4354268956184387]
[0.1983595589796702, 0.1919166342417399, 0.19075735648473105, 0.1905856062968572, 0.190935507218043, 0.190327221651872, 0.19055848320325217, 0.19044029633204143, 0.19257360875606536, 0.1906516420841217, 0.19055691957473755]
[0.5384115775426229, 0.5242852822939554, 0.522227029800415, 0.5222357829411824, 0.5222160029411316, 0.5223103109995524, 0.5222639187177023, 0.5221674688657125]
[0.2122080632050832, 0.19052561561266582, 0.1891465679804484, 0.1892981497446696, 0.1892693571249644, 0.18900511542956033, 0.18916213611761729, 0.1889583651224772, 0.18909729460875194, 0.1889878539244334, 0.19218533118565878]
[0.12217950423558553, 0.12063733597596486, 0.12028564691543579, 0.12048170566558838, 0.1225010101000468, 0.12056501870354017, 0.12032506128152211, 0.12033723294734955]
[0.5381952317555746, 0.5174850455919902, 0.5148104619979859, 0.5151609857877095, 0.5151235302289326, 0.514920406738917, 0.5149953508377075, 0.5149160647392272]
[0.19865553776423137, 0.19120205382506053, 0.18711576223373413, 0.18722699244817098, 0.1892724049091339, 0.1872214009364446, 0.1874992322921753, 0.1877266122897466]
[0.1250002948443095, 0.1234600493311882, 0.12065843840440114, 0.12088239779074987, 0.1212047815322876, 0.12104607343673707, 0.12066733876864115, 0.12092195898294449]
[0.418555113474528, 0.40199321269989013, 0.3994919955730438, 0.39934404770533244, 0.3994115738073985, 0.3998285396893819, 0.39948883255322776, 0.3996944189071655, 0.3991532786687215, 0.3992933543523153, 0.399121835231781, 0.3994645921389262, 0.399203192392985, 0.3995423483848572]
[0.6225733764966329, 0.6177291488647461, 0.6175396108627319, 0.6175646837552389, 0.6177370810508728, 0.6194798036416371, 0.6174448625246683, 0.6175112891197204]
[0.3029257599512736, 0.2894728430112203, 0.289219597975413, 0.28951917330423993, 0.2892425469557444, 0.2891519673665365, 0.2891983286539714, 0.28909293095270794, 0.28920379678408303, 0.2891963529586792, 0.28924702723821005, 0.2892933730284373, 0.2891241627931595]
[0.4614949993292491, 0.4616742006937663, 0.4615040429433187, 0.461416293780009, 0.46141401449839275, 0.46159835894902546]
[0.40753599286079406, 0.40391334970792137, 0.403815180460612, 0.4038986841837565, 0.40382516066233315, 0.403956506450971, 0.4039586977163951]
[0.3560781757036845, 0.3560079518953959, 0.3558652098973592, 0.3560773698488871, 0.3559730450312297, 0.35610681970914204, 0.3559698581695557, 0.3560233175754547]
[0.40236327012379963, 0.4023473604520162, 0.40187056303024293, 0.4015972900390625, 0.40149967948595683, 0.4020586105187734, 0.4015620485941569, 0.40156176964441936, 0.4016284362475077]
[0.28320072253545125, 0.28212082902590435, 0.2821685532728831, 0.2824933675924937, 0.28205424308776855, 0.2821826946735382, 0.28197632511456805, 0.2822787582874298, 0.2820129160086314, 0.2820363239447276, 0.28209969878196717, 0.28218488732973734]
[0.6343792120615641, 0.6256641960144043, 0.6249481813112895, 0.6256032776832581, 0.6250431521733602, 0.6253212896982828, 0.6265315850575764, 0.6245950158437094, 0.6246838569641113, 0.6249495037396748, 0.6246991523106893, 0.6250076667467753, 0.6251784785588582]
[0.7046389293670654, 0.70387837489446, 0.7028728731473287, 0.7035699685414633, 0.7032816735903422, 0.7028573393821717, 0.7033160726229349, 0.7028364332516989]
[0.43268452246983846, 0.42340934912363687, 0.4238556265830994, 0.4229869067668915, 0.4230733076731364, 0.4231519635518392, 0.42329732577006024, 0.42302354574203493, 0.4229938729604085]
[0.5076889971892039, 0.5048437956968943, 0.5047158745924631, 0.5046819273630778, 0.5048867082595825, 0.504819544951121, 0.5050480071703592, 0.5057060249646504]
[0.2867979504664739, 0.27656364599863686, 0.276710280974706, 0.27662463426589967, 0.2763888897498449, 0.2764875888824463, 0.27637628237406414, 0.27702722549438474, 0.2767821637789408, 0.2763551950454712]
[0.6537373002370198, 0.6378378311793009, 0.636827429930369, 0.6375738819440205, 0.6371935176849365, 0.6373185427983602, 0.6371847852071126, 0.636832951704661]
[0.2926727596918742, 0.27938586433728535, 0.2784043900171916, 0.27823272784550984, 0.2783025221029917, 0.27845183134078977, 0.27814667542775473, 0.2784207534790039, 0.278240413069725]
[0.2374602711200714, 0.23682280004024506, 0.2367573595046997, 0.23667622129122415, 0.23693723400433858, 0.2369943618774414, 0.23705167233943938, 0.23675312399864196, 0.2367279597123464]
[0.2433144384622574, 0.243324693441391, 0.24368014931678772, 0.24355565627415976, 0.24349378824234008, 0.2433763047059377]
[0.2995018935203552, 0.29923582593599957, 0.2992176063855489, 0.2993450395266215, 0.2992961915334066, 0.2992912681897481, 0.29919451316197715]
[0.34639812707901, 0.3415412640571594, 0.3416591171423594, 0.3415472487608592, 0.3416849398612976, 0.34166307051976524, 0.34201330025990806]
[0.4057516566912333, 0.40205738504727684, 0.401810538371404, 0.40216835896174113, 0.4017682417233785, 0.4021143583456675, 0.40177141030629476, 0.40188721418380735]
[0.6137885896364847, 0.608658831914266, 0.6087147188186646, 0.6085755562782288, 0.6079488321145375, 0.6080847525596619, 0.6078563094139099, 0.6078056891759237, 0.6079571175575257, 0.6079625701904297, 0.6079216726620992, 0.6086003398895263, 0.6079806550343831]
[0.6932466689745586, 0.693121698697408, 0.6932032958666483, 0.693687694867452, 0.6929423721631368, 0.6932738383611043, 0.6930098994572957, 0.6933949462572734, 0.6926998051007589, 0.6929520257314046, 0.6928959735234579, 0.6929514328638713, 0.6931397191683452, 0.6931619024276734]
[0.3801403327782949, 0.36907238443692525, 0.3688127426306407, 0.3688429339726766, 0.36879464546839397, 0.3689664749304454, 0.3689273105065028, 0.36906357208887736]
[0.6038109540939331, 0.6003440546989441, 0.5996006759007771, 0.5998097785313924, 0.6001635376612345, 0.5999161370595296, 0.6000657701492309, 0.5998809321721394]
[0.539250713189443, 0.5393718099594116, 0.5387013872464498, 0.5384735043843587, 0.5383764028549194, 0.5383320013682048, 0.5388024059931437, 0.5388447308540344, 0.5386017020543417, 0.538167884349823, 0.5381732694307964, 0.538331904411316, 0.5382814912001291, 0.5383668883641561, 0.5384023197491964]
[0.4490005318323771, 0.44762874325116475, 0.4474870165189107, 0.4473704747358958, 0.44742159922917685, 0.4482532207171122, 0.4502295732498169, 0.4474788459142049, 0.4480493632952372]
[0.41472721815109254, 0.4146718506018321, 0.41425681749979654, 0.41447354555130006, 0.4143733994166056, 0.414256165822347, 0.4145040730635325, 0.414844771027565]
[0.48589119911193845, 0.48586731672286987, 0.48546430508295696, 0.48539587259292605, 0.48563471555709836, 0.4854186956087748, 0.4858248432477315, 0.4853922772407532]
[0.4277450219790141, 0.4279491917292277, 0.42754757006963096, 0.42788422187169395, 0.42799802859624225, 0.4277214324474335, 0.42785565098126727, 0.4277694272994995]
[0.5696675372123718, 0.5694425121943156, 0.5691754237810771, 0.5685164984067281, 0.5685773531595866, 0.5687791379292806, 0.5688047170639038, 0.5686221154530843, 0.5689196713765462]
